## population PofZ values from gsi_sim.  These are plug-in values of type indicated by the file name
IndivName	NumLoc	srumapop	srvalpop	wfyankee	mainefsr	srefspop	srpahpop	srlempop	srnfspop
OtsSALM18C_1081	170	0.00101361	0.00868989	0.00000005	0.17284855	0.06337355	0.75396736	0.00010653	0.00000047
OtsSALM18C_1082	170	0.00052265	0.84993563	0.00000038	0.00513708	0.04254168	0.03503278	0.00022365	0.06660615
OtsSALM18C_1083	170	0.01102240	0.61046397	0.00000220	0.12735775	0.19084901	0.00027750	0.02911246	0.03091472
OtsSALM18C_1084	169	0.05441443	0.17782023	0.00002696	0.00852155	0.25426527	0.01189014	0.49303144	0.00002997
OtsSALM18C_1085	170	0.00309902	0.00068529	0.00000226	0.04226830	0.95380243	0.00014212	0.00000025	0.00000032
OtsSALM18C_1086	170	0.00054706	0.00043153	0.00000144	0.00378136	0.00037147	0.99486677	0.00000030	0.00000006
OtsSALM18C_1087	169	0.00094592	0.01034265	0.00000387	0.00873920	0.97936080	0.00041084	0.00010911	0.00008761
OtsSALM18C_1088	168	0.04092231	0.87255479	0.00003534	0.01853327	0.05861439	0.00928721	0.00000198	0.00005071
OtsSALM18C_1089	168	0.62681505	0.03063151	0.00338533	0.02483245	0.20655136	0.10772477	0.00005666	0.00000287
OtsSALM18C_1090	168	0.00968337	0.00009947	0.00000008	0.05906676	0.00506391	0.92607461	0.00001132	0.00000049
OtsSALM18C_1091	170	0.64436115	0.01043930	0.00263407	0.01206730	0.00052077	0.32972528	0.00000569	0.00024643
OtsSALM18C_1092	170	0.50364557	0.22578600	0.00489540	0.02165555	0.24179353	0.00041982	0.00000026	0.00180387
OtsSALM18C_1093	167	0.97119065	0.00022314	0.00190273	0.00431047	0.01425341	0.00777967	0.00000067	0.00033925
OtsSALM18C_1094	170	0.79617483	0.01204671	0.00000037	0.14318611	0.04369469	0.00458877	0.00000205	0.00030648
OtsSALM18C_1095	169	0.11881432	0.04398403	0.00004186	0.06212590	0.00639453	0.61500975	0.15362934	0.00000027
OtsSALM18C_1096	169	0.54217608	0.03730023	0.00014596	0.36457859	0.00338293	0.05237702	0.00003615	0.00000304
OtsSALM18C_1097	169	0.00231686	0.00153014	0.00000770	0.00108591	0.98434871	0.00955251	0.00000163	0.00115655
OtsSALM18C_1098	170	0.08880680	0.03734335	0.00000146	0.00341104	0.83045059	0.03948627	0.00021279	0.00028770
OtsSALM18C_1099	170	0.23037213	0.00339347	0.00142016	0.04457762	0.70177439	0.01631700	0.00191318	0.00023205
OtsSALM18C_1100	170	0.00861438	0.00201313	0.00000057	0.00039416	0.00207006	0.00357494	0.98329112	0.00004164
OtsSALM18C_1101	167	0.57672876	0.00588469	0.00085598	0.08661464	0.29200656	0.01749670	0.01054152	0.00987116
OtsSALM18C_1102	170	0.24571901	0.00034566	0.00108852	0.07359506	0.46170810	0.21726325	0.00011961	0.00016079
OtsSALM18C_1103	170	0.76328339	0.06728374	0.00001901	0.14730950	0.00929108	0.01280880	0.00000205	0.00000244
OtsSALM18C_1104	169	0.09612419	0.04528013	0.00027350	0.27416482	0.02254576	0.56134732	0.00013620	0.00012808
OtsSALM18C_1105	168	0.60240681	0.01575825	0.00068055	0.07766401	0.00841974	0.29487602	0.00007669	0.00011794
OtsSALM18C_1106	169	0.04704478	0.00311535	0.00004541	0.01993532	0.92628063	0.00344577	0.00001348	0.00011925
OtsSALM18C_1107	169	0.61639256	0.01093508	0.00069679	0.00303749	0.34942391	0.01931429	0.00005699	0.00014290
OtsSALM18C_1108	170	0.00492136	0.00043026	0.00000001	0.01859325	0.67574045	0.30013021	0.00018215	0.00000232
OtsSALM18C_1109	169	0.10559065	0.02572166	0.00192487	0.00210192	0.14440003	0.66388756	0.05511283	0.00126048
OtsSALM18C_1110	166	0.00051988	0.03382339	0.00000010	0.00164994	0.02416046	0.93924010	0.00001810	0.00058803
OtsSALM18C_1111	169	0.06566411	0.00080540	0.00001119	0.61491973	0.22442845	0.09415330	0.00000277	0.00001504
OtsSALM18C_1112	166	0.32121970	0.01766264	0.00000301	0.22180050	0.21453243	0.17451336	0.05026831	0.00000005
OtsSALM18C_1113	169	0.17042728	0.04686583	0.00000085	0.38945629	0.38967935	0.00071856	0.00060586	0.00224598
OtsSALM18C_1114	170	0.35104557	0.00862899	0.00000188	0.04966744	0.59009968	0.00045322	0.00000031	0.00010291
OtsSALM18C_1115	169	0.00014947	0.00231277	0.00000000	0.02451638	0.02292857	0.95008802	0.00000150	0.00000328
OtsSALM18C_1116	170	0.00305698	0.00011101	0.00000004	0.00005555	0.00252844	0.10962992	0.01260735	0.87201070
OtsSALM18C_1117	169	0.01544243	0.00022864	0.00001471	0.00024034	0.06447962	0.79655473	0.00357888	0.11946064
OtsSALM18C_1118	168	0.23263623	0.16372387	0.00000015	0.12573861	0.31889324	0.14891164	0.00279567	0.00730060
OtsSALM18C_1119	169	0.93364378	0.00401222	0.00229136	0.01947261	0.00379709	0.00648865	0.00923437	0.02105991
OtsSALM18C_1120	170	0.62052031	0.20556941	0.00003354	0.05327314	0.11032723	0.00861071	0.00023307	0.00143258
OtsSALM18C_1121	170	0.04219314	0.04349375	0.26538319	0.00134540	0.00333139	0.64399907	0.00023854	0.00001552
OtsSALM18C_1122	168	0.07061962	0.00924372	0.00012770	0.02352382	0.89459190	0.00186601	0.00002651	0.00000071
OtsSALM18C_1123	169	0.18019514	0.03643174	0.00000099	0.00020245	0.00156277	0.51642919	0.26483912	0.00033860
OtsSALM18C_1124	170	0.01772271	0.00482546	0.00000187	0.00061131	0.91898459	0.05211434	0.00573347	0.00000624
OtsSALM18C_1125	169	0.55842355	0.06015998	0.00013602	0.11800599	0.07620454	0.17939008	0.00356725	0.00411258
OtsSALM18C_1126	170	0.96102051	0.00191927	0.00000072	0.00097989	0.01915127	0.01690854	0.00000048	0.00001933
OtsSALM18C_1127	170	0.23443171	0.03623298	0.00001004	0.02743415	0.32143940	0.38031479	0.00002730	0.00010963
OtsSALM18C_1128	170	0.00001262	0.00000569	0.00000044	0.00011807	0.00060249	0.99922703	0.00002295	0.00001070
OtsSALM18C_1129	170	0.41270396	0.01195473	0.00000008	0.00177851	0.52285749	0.04813723	0.00240612	0.00016187
OtsSALM18C_1130	165	0.22065887	0.23095962	0.00001646	0.00201109	0.53256074	0.00033820	0.01018145	0.00327356
OtsSALM18C_1131	169	0.17695563	0.58657167	0.00000193	0.19185606	0.04044298	0.00231337	0.00000145	0.00185691
OtsSALM18C_1132	170	0.15825282	0.18690258	0.00022492	0.06204065	0.48290171	0.10852812	0.00001096	0.00113824
OtsSALM18C_1133	170	0.13636692	0.78354378	0.00015437	0.02111381	0.05574774	0.00296195	0.00000092	0.00011053
OtsSALM18C_1134	167	0.00009370	0.00006659	0.00000000	0.00002400	0.00933154	0.99048409	0.00000005	0.00000004
OtsSALM18C_1135	170	0.24862402	0.32452595	0.00000001	0.00553287	0.42118146	0.00013075	0.00000494	0.00000001
OtsSALM18C_1136	169	0.94619052	0.00125940	0.00000036	0.00143622	0.03645916	0.01465270	0.00000008	0.00000156
OtsSALM18C_1137	170	0.10394877	0.00181963	0.64276631	0.00012481	0.13653306	0.11472174	0.00003140	0.00005430
OtsSALM18C_1138	170	0.87762229	0.01504905	0.00296764	0.06758403	0.00660425	0.02622672	0.00394574	0.00000027
OtsSALM18C_1139	169	0.00491895	0.02452486	0.00000000	0.00480799	0.93865794	0.02671046	0.00024751	0.00013228
OtsSALM18C_1140	170	0.00095237	0.00012448	0.00002676	0.37486923	0.01908928	0.60493385	0.00000006	0.00000396
OtsSALM18C_1141	169	0.16437641	0.68744602	0.00219272	0.05289297	0.07523983	0.00752162	0.00992289	0.00040754
OtsSALM18C_1142	170	0.00619374	0.00520981	0.00000004	0.97220936	0.00263386	0.01373853	0.00001431	0.00000035
OtsSALM18C_1143	168	0.02252571	0.19126469	0.00000020	0.00895955	0.32373171	0.05457534	0.39316125	0.00578155
OtsSALM18C_1144	170	0.78498110	0.01399110	0.00030570	0.10474882	0.03945123	0.04926105	0.00111629	0.00614471
OtsSALM18C_1145	170	0.07231107	0.00307215	0.00000034	0.05061779	0.84474323	0.02917627	0.00001918	0.00005997
OtsSALM18C_1146	169	0.22931061	0.00989752	0.00000098	0.13073819	0.61572861	0.01424416	0.00000589	0.00007405
OtsSALM18C_1147	170	0.00360286	0.00181970	0.00000268	0.00612434	0.98308743	0.00000007	0.00198340	0.00337952
OtsSALM18C_1148	170	0.11927442	0.00366035	0.00000879	0.00228311	0.87468554	0.00008605	0.00000161	0.00000013
OtsSALM18C_1149	169	0.92324855	0.06914947	0.00057422	0.00603794	0.00098969	0.00000005	0.00000002	0.00000006
OtsSALM18C_1150	170	0.25170367	0.09411889	0.00000222	0.00527103	0.00291701	0.64585962	0.00012382	0.00000375
OtsSALM18C_1151	170	0.00279288	0.03636700	0.00000833	0.01247931	0.94528686	0.00017666	0.00032558	0.00256339
OtsSALM18C_1152	170	0.02306729	0.45116605	0.00008209	0.00620626	0.51500575	0.00258716	0.00185873	0.00002668
OtsSALM18C_1153	169	0.00004941	0.00000584	0.00000000	0.00003736	0.00016391	0.99974345	0.00000001	0.00000003
OtsSALM18C_1154	170	0.00329191	0.01140074	0.00007374	0.19278066	0.75980066	0.03022263	0.00236432	0.00006534
OtsSALM18C_1155	169	0.01098125	0.04622271	0.00000004	0.00596752	0.93557683	0.00094324	0.00000233	0.00030609
OtsSALM18C_1156	170	0.65442058	0.30815476	0.00000577	0.00923138	0.00988649	0.01829682	0.00000397	0.00000022
OtsSALM18C_1157	169	0.00434120	0.01994876	0.00000012	0.08801312	0.17452193	0.40077220	0.13913828	0.17326439
OtsSALM18C_1158	170	0.50200045	0.05160145	0.00360654	0.35582293	0.06106314	0.00276893	0.00000189	0.02313466
OtsSALM18C_1159	170	0.26585774	0.06750929	0.00000794	0.06553919	0.59602450	0.00472224	0.00033770	0.00000139
OtsSALM18C_1160	168	0.01562604	0.01064466	0.00000000	0.21611493	0.29718567	0.46042483	0.00000050	0.00000337
OtsSALM18C_1161	169	0.87324705	0.03029765	0.00004453	0.01953513	0.07433456	0.00102801	0.00000161	0.00151145
OtsSALM18C_1162	169	0.71258725	0.06800109	0.00000346	0.19723817	0.01123956	0.01071588	0.00021444	0.00000015
OtsSALM18C_1163	169	0.02430487	0.03943555	0.00000058	0.00205484	0.28150683	0.62561037	0.02705777	0.00002919
OtsSALM18C_1164	169	0.79297708	0.01581586	0.00001235	0.00841811	0.05156234	0.12738689	0.00372837	0.00009899
OtsSALM18C_1165	167	0.19716016	0.01636891	0.00003555	0.01152277	0.12062034	0.01817771	0.63610561	0.00000894
OtsSALM18C_1166	170	0.00082603	0.01746421	0.00000015	0.00362655	0.61103506	0.13478719	0.23225637	0.00000444
OtsSALM18C_1167	169	0.03407847	0.00316238	0.00017603	0.00069337	0.10420338	0.85161845	0.00605874	0.00000918
OtsSALM18C_1168	170	0.15097354	0.01818586	0.00314435	0.04616835	0.07058520	0.71093406	0.00000407	0.00000458
OtsSALM18C_1169	167	0.60055275	0.00687916	0.00018131	0.02806536	0.34707150	0.01185809	0.00534156	0.00005027
OtsSALM18C_1170	164	0.08502853	0.00877318	0.00001602	0.00131950	0.07537830	0.81486466	0.01366901	0.00095079
OtsSALM18C_1171	170	0.03106321	0.00051845	0.00000116	0.23201029	0.73470901	0.00153806	0.00000187	0.00015796
OtsSALM18C_1172	170	0.38014625	0.16622087	0.00000471	0.11204877	0.26288090	0.00025382	0.07844455	0.00000011
OtsSALM18C_1173	168	0.51607581	0.00047061	0.00002268	0.03790838	0.44248220	0.00051591	0.00252176	0.00000264
OtsSALM18C_1174	168	0.07406115	0.33759209	0.00076711	0.18002928	0.39965159	0.00316224	0.00000015	0.00473639
OtsSALM18C_1175	170	0.00069964	0.00030555	0.00000000	0.00015840	0.68454373	0.31427868	0.00000810	0.00000590
OtsSALM18C_1176	166	0.18578707	0.15114599	0.00000384	0.55072299	0.11163837	0.00063826	0.00005713	0.00000635
OtsSALM18C_1177	168	0.04033802	0.04776509	0.00022422	0.00397697	0.05241507	0.84584634	0.00536163	0.00407265
OtsSALM18C_1178	163	0.02029229	0.00521523	0.00000568	0.31600626	0.01818663	0.63969197	0.00059902	0.00000292
OtsSALM18C_1179	160	0.62006711	0.20925093	0.00000253	0.10277716	0.06734254	0.00054966	0.00000970	0.00000038
OtsSALM18C_1181	170	0.19827993	0.26541469	0.00000076	0.01195485	0.51702394	0.00023208	0.00709148	0.00000228
OtsSALM18C_1182	170	0.00630110	0.04792118	0.00005232	0.00191850	0.00368198	0.46791030	0.47217496	0.00003966
OtsSALM18C_1183	170	0.93842009	0.00891394	0.00016258	0.04197147	0.00284682	0.00764842	0.00003575	0.00000093
OtsSALM18C_1184	170	0.17026224	0.00406964	0.00304298	0.17659508	0.63712648	0.00887183	0.00002643	0.00000532
OtsSALM18C_1185	169	0.00005147	0.00007814	0.00000787	0.00002227	0.00008615	0.99927380	0.00048021	0.00000009
OtsSALM18C_1186	169	0.03004944	0.01078152	0.00000000	0.00060607	0.00318439	0.94363778	0.01128716	0.00045364
OtsSALM18C_1187	165	0.74936249	0.00006458	0.00156697	0.01081045	0.23310487	0.00505787	0.00002681	0.00000598
OtsSALM18C_1188	160	0.00006618	0.00603600	0.00000069	0.00202065	0.00727090	0.98455779	0.00004442	0.00000336
OtsSALM18C_1189	170	0.02636032	0.21293188	0.00003196	0.26838871	0.45103242	0.02525378	0.01584560	0.00015532
OtsSALM18C_1190	168	0.06950172	0.09442052	0.00001293	0.59785732	0.23624018	0.00003876	0.00000703	0.00192153
OtsSALM18C_1191	170	0.00049477	0.00038741	0.00000000	0.00206814	0.00001620	0.01198988	0.00002080	0.98502281
OtsSALM18C_1192	168	0.17466227	0.07830398	0.00004714	0.49226184	0.05722690	0.19747126	0.00000006	0.00002655
OtsSALM18C_1193	170	0.14337704	0.18524369	0.00000237	0.21987926	0.31987859	0.12613949	0.00253763	0.00294192
OtsSALM18C_1194	169	0.25386098	0.03701383	0.02202643	0.05478376	0.06003249	0.56872729	0.00001700	0.00353823
OtsSALM18C_1195	170	0.95599145	0.00151985	0.00007884	0.04064686	0.00034120	0.00129968	0.00000114	0.00012098
OtsSALM18C_1196	170	0.57828433	0.05095783	0.00043312	0.00233060	0.02247259	0.14305126	0.00000668	0.20246360
OtsSALM18C_1197	170	0.00002539	0.00060377	0.00000000	0.00006261	0.00040285	0.99748452	0.00142085	0.00000001
OtsSALM18C_1198	170	0.44922704	0.00638970	0.00000951	0.08250506	0.12828882	0.33353610	0.00000005	0.00004371
OtsSALM18C_1199	170	0.09057579	0.89801145	0.00174063	0.00209353	0.00748661	0.00008855	0.00000116	0.00000227
OtsSALM18C_1200	167	0.54787800	0.41707643	0.00000134	0.02265931	0.01232836	0.00005483	0.00000047	0.00000126
OtsSALM18C_1201	170	0.05385907	0.00565140	0.69043681	0.24941182	0.00059520	0.00000315	0.00000029	0.00004225
OtsSALM18C_1202	170	0.03751230	0.00913842	0.00000922	0.08285645	0.00858772	0.86149592	0.00039953	0.00000044
OtsSALM18C_1203	170	0.00006925	0.00106637	0.00054313	0.00002500	0.00039440	0.99790161	0.00000006	0.00000018
OtsSALM18C_1204	167	0.13953565	0.00207120	0.00000022	0.01009004	0.83777327	0.00356134	0.00690028	0.00006801
OtsSALM18C_1205	170	0.58176071	0.14979418	0.00623285	0.17258103	0.07533562	0.00752061	0.00214368	0.00463132
OtsSALM18C_1206	170	0.02993434	0.00666432	0.00001760	0.13707306	0.00105323	0.00326523	0.70089255	0.12109967
OtsSALM18C_1207	169	0.00143913	0.00003100	0.00000007	0.00000280	0.00000672	0.99851458	0.00000570	0.00000000
OtsSALM18C_1208	168	0.00033989	0.00018868	0.00000000	0.00024564	0.00124192	0.99797295	0.00001086	0.00000006
OtsSALM18C_1209	170	0.14179337	0.14981138	0.00000840	0.03885924	0.21293994	0.45641166	0.00017600	0.00000001
OtsSALM18C_1210	168	0.00000757	0.00008548	0.00000000	0.00015186	0.00013351	0.99962155	0.00000003	0.00000000
OtsSALM18C_1211	169	0.30370840	0.23323336	0.00007513	0.40212604	0.05364500	0.00040369	0.00081840	0.00598998
OtsSALM18C_1212	169	0.43567890	0.03218696	0.00000253	0.07382098	0.29913870	0.15910781	0.00000408	0.00006005
OtsSALM18C_1213	168	0.30888088	0.07709952	0.00000018	0.14517799	0.02064745	0.14182940	0.00100523	0.30535935
OtsSALM18C_1214	170	0.19921913	0.07841012	0.00040698	0.00175607	0.71469746	0.00481523	0.00065658	0.00003842
OtsSALM18C_1215	168	0.00209853	0.00005684	0.00000000	0.00005483	0.01843824	0.97914887	0.00002821	0.00017448
OtsSALM18C_1216	169	0.00722682	0.00360037	0.00000000	0.00066058	0.01854356	0.65227690	0.31742569	0.00026607
OtsSALM18C_1217	169	0.07195308	0.00336715	0.00006083	0.29948820	0.57385231	0.05121521	0.00000000	0.00006322
OtsSALM18C_1218	170	0.22230763	0.10702584	0.00000915	0.00345415	0.65737305	0.00949995	0.00005392	0.00027631
OtsSALM18C_1219	170	0.00523205	0.00405960	0.00000056	0.03597627	0.67545829	0.27849141	0.00069934	0.00008248
OtsSALM18C_1220	170	0.00004251	0.00005223	0.00000000	0.00020677	0.00228234	0.99740430	0.00000001	0.00001183
OtsSALM18C_1221	170	0.39531368	0.04863824	0.00000193	0.01046052	0.07119686	0.43281149	0.02058573	0.02099155
OtsSALM18C_1222	170	0.98792344	0.00299775	0.00000253	0.00033891	0.00355523	0.00518203	0.00000001	0.00000010
OtsSALM18C_1401	170	0.19066128	0.01425047	0.00002241	0.14234386	0.65233540	0.00023113	0.00014494	0.00001051
OtsSALM18C_1402	170	0.01121388	0.20757361	0.00002643	0.00010874	0.00227501	0.77871853	0.00000330	0.00008048
OtsSALM18C_1403	169	0.00619087	0.00053762	0.00000095	0.98791696	0.00115679	0.00419637	0.00000004	0.00000040
OtsSALM18C_1404	169	0.48685839	0.14294740	0.01825629	0.00319420	0.30494767	0.00291917	0.03439909	0.00647779
OtsSALM18C_1406	170	0.12655018	0.00439128	0.00000293	0.14644543	0.72258664	0.00002352	0.00000001	0.00000001
OtsSALM18C_1407	168	0.04381105	0.00220691	0.00000000	0.00532610	0.01301704	0.91696457	0.01855227	0.00012207
OtsSALM18C_1408	170	0.25949124	0.16269409	0.00000060	0.00979053	0.55736047	0.00995014	0.00000752	0.00070541
OtsSALM18C_1409	169	0.02214519	0.00035543	0.00000263	0.00891115	0.96719768	0.00077604	0.00061021	0.00000166
OtsSALM18C_1410	170	0.00581686	0.00166282	0.00000049	0.01257700	0.05791878	0.60984793	0.00000449	0.31217163
OtsSALM18C_1411	168	0.00033394	0.00085040	0.00000229	0.00000898	0.03878106	0.95947202	0.00048842	0.00006290
OtsSALM18C_1412	167	0.01623685	0.01453277	0.00002382	0.01083907	0.18442207	0.02515528	0.74838521	0.00040493
OtsSALM18C_1413	170	0.00866663	0.02852633	0.00000467	0.00276287	0.04571296	0.91413097	0.00019440	0.00000117
OtsSALM18C_1414	168	0.97155352	0.00655089	0.00000796	0.00851196	0.01311068	0.00024377	0.00000237	0.00001885
OtsSALM18C_1415	168	0.01847970	0.22985079	0.00014637	0.02619559	0.72524612	0.00007779	0.00000098	0.00000266
OtsSALM18C_1416	165	0.01758921	0.00411219	0.00000148	0.00081590	0.01409339	0.96309433	0.00028925	0.00000425
OtsSALM18C_1417	170	0.07993302	0.00023410	0.00000560	0.05978552	0.35283496	0.50720614	0.00000057	0.00000010
OtsSALM18C_1418	170	0.00785614	0.00129602	0.00000239	0.03357249	0.00180265	0.95122525	0.00424503	0.00000003
OtsSALM18C_1419	169	0.00311340	0.20538473	0.00000000	0.79005199	0.00113640	0.00029181	0.00002052	0.00000114
OtsSALM18C_1420	169	0.69739195	0.07959522	0.00000029	0.14690834	0.05890780	0.01718361	0.00001103	0.00000176
OtsSALM18C_1421	169	0.27395938	0.00010870	0.00014649	0.03724591	0.57767838	0.00828761	0.00003509	0.10253843
OtsSALM18C_1422	166	0.00051555	0.00113226	0.00000005	0.00344258	0.00047453	0.99416509	0.00002726	0.00024268
OtsSALM18C_1423	168	0.00100497	0.28001065	0.00001497	0.00166095	0.71397614	0.00332968	0.00000262	0.00000002
OtsSALM18C_1424	170	0.78517647	0.03683899	0.01557079	0.12392999	0.03585961	0.00261878	0.00000279	0.00000257
OtsSALM18C_1425	168	0.00001427	0.00263400	0.00000002	0.00271741	0.00137978	0.99213780	0.00104059	0.00007613
OtsSALM18C_1426	170	0.33185403	0.02831578	0.01022434	0.11758095	0.50892772	0.00054109	0.00250938	0.00004671
OtsSALM18C_1427	169	0.05255928	0.16582215	0.00000172	0.00062011	0.39090579	0.00220439	0.33988584	0.04800072
OtsSALM18C_1428	170	0.03999352	0.14028851	0.00002218	0.05614050	0.40616410	0.13788771	0.21946673	0.00003675
OtsSALM18C_1429	166	0.06092808	0.07233810	0.00000199	0.20219714	0.43112222	0.18080301	0.05260564	0.00000382
OtsSALM18C_1430	169	0.00075315	0.00061935	0.00000001	0.00601693	0.02226916	0.97015826	0.00012370	0.00005944
OtsSALM18C_1431	169	0.01393211	0.00274839	0.00001844	0.00838067	0.03127768	0.94364261	0.00000008	0.00000003
OtsSALM18C_1432	170	0.01294063	0.01978288	0.00000099	0.00042870	0.94889297	0.01610104	0.00185277	0.00000003
OtsSALM18C_1433	169	0.03703782	0.00481878	0.00000083	0.00293669	0.89621033	0.00454667	0.05444454	0.00000433
OtsSALM18C_1434	169	0.00041832	0.00117759	0.00000225	0.00241450	0.00462065	0.99136366	0.00000285	0.00000018
OtsSALM18C_1435	170	0.00077187	0.00045715	0.00000000	0.00016594	0.19249243	0.80581427	0.00029820	0.00000014
OtsSALM18C_1436	169	0.22964207	0.03656488	0.00206664	0.01466484	0.20728516	0.00227705	0.50544044	0.00205891
OtsSALM18C_1437	169	0.05970524	0.00350318	0.00005500	0.00503314	0.01937482	0.91229615	0.00003232	0.00000015
OtsSALM18C_1438	170	0.23133312	0.00176626	0.00364138	0.01012658	0.75217451	0.00052168	0.00037057	0.00006590
OtsSALM18C_1439	169	0.13378504	0.33591847	0.00035169	0.04999750	0.44081391	0.02063499	0.00576156	0.01273683
OtsSALM18C_1440	168	0.00755408	0.00160885	0.00000000	0.00295683	0.01378983	0.97188292	0.00015883	0.00204866
OtsSALM18C_1441	170	0.63478838	0.03309318	0.00001458	0.00775224	0.32221348	0.00177719	0.00007160	0.00028934
OtsSALM18C_1442	168	0.63686761	0.04994851	0.00029222	0.00585866	0.26972472	0.03706544	0.00008213	0.00016073
OtsSALM18C_1443	170	0.02702070	0.11776426	0.00000661	0.15492016	0.61724941	0.08302431	0.00001442	0.00000012
OtsSALM18C_1444	170	0.35028160	0.22539683	0.00000003	0.01683711	0.38095609	0.02641933	0.00010864	0.00000037
OtsSALM18C_1445	170	0.54199490	0.22000848	0.00029983	0.01971194	0.07264709	0.13308316	0.00014840	0.01210620
OtsSALM18C_1446	168	0.24214318	0.02294741	0.00087315	0.02478192	0.24831971	0.45669188	0.00400131	0.00024144
OtsSALM18C_1447	167	0.44652004	0.00671841	0.00015508	0.12651186	0.03613503	0.34418211	0.03976906	0.00000842
OtsSALM18C_1448	169	0.10770561	0.20913053	0.00002070	0.01460419	0.66631707	0.00033914	0.00157534	0.00030742
OtsSALM18C_1450	168	0.35033979	0.00642593	0.00028789	0.00504458	0.38433310	0.20516021	0.04839109	0.00001742
OtsSALM18C_1451	165	0.06962941	0.00971366	0.00002487	0.02078725	0.88427200	0.01189484	0.00367178	0.00000620
OtsSALM18C_1452	168	0.02123637	0.48157736	0.00000025	0.17655736	0.27933939	0.03931958	0.00196287	0.00000682
OtsSALM18C_1453	168	0.24545964	0.03441518	0.02009436	0.02526207	0.00292828	0.67177217	0.00006798	0.00000031
OtsSALM18C_1454	163	0.00015137	0.00216817	0.00000000	0.00234104	0.00000288	0.99053574	0.00470944	0.00009135
OtsSALM18C_1455	167	0.49821773	0.21771120	0.00003332	0.07075670	0.18710889	0.00021447	0.00001807	0.02593962
OtsSALM18C_1456	168	0.91460046	0.00974860	0.00060599	0.02212573	0.02007909	0.00060731	0.00266101	0.02957181
OtsSALM18C_1457	167	0.00286645	0.00002190	0.00000000	0.00113770	0.59244776	0.40212447	0.00134263	0.00005909
OtsSALM18C_1458	169	0.12474669	0.00356722	0.00003981	0.03124381	0.26042241	0.57895565	0.00102002	0.00000439
OtsSALM18C_1459	168	0.05337233	0.08379400	0.00062359	0.07209503	0.77998437	0.00965483	0.00003770	0.00043815
OtsSALM18C_1461	168	0.00721777	0.07244963	0.00000443	0.01859389	0.09590707	0.00020008	0.01761736	0.78800977
OtsSALM18C_1462	167	0.01277319	0.02049021	0.00004078	0.02413023	0.92810719	0.01404522	0.00021419	0.00019899
OtsSALM18C_1463	169	0.03487045	0.27205797	0.00000024	0.12760217	0.11037015	0.45509393	0.00000508	0.00000001
OtsSALM18C_1464	169	0.03907538	0.02047799	0.00014244	0.01889925	0.00325659	0.81847828	0.09965591	0.00001416
OtsSALM18C_1465	168	0.43992968	0.05794722	0.00030570	0.10809722	0.31165837	0.03346188	0.00056048	0.04803945
OtsSALM18C_1466	165	0.15124380	0.20987311	0.00074792	0.02171293	0.61024106	0.00517528	0.00041745	0.00058846
OtsSALM18C_1467	159	0.00504256	0.03468104	0.00009970	0.00176246	0.43140345	0.00037346	0.50286375	0.02377358
OtsSALM18C_1468	167	0.03269972	0.00032677	0.00000619	0.00171020	0.04627579	0.34625587	0.00011483	0.57261063
OtsSALM18C_1469	168	0.00065205	0.00255100	0.00000315	0.00044250	0.00030831	0.96747726	0.02856573	0.00000000
OtsSALM18C_1470	155	0.79218324	0.00037682	0.00482645	0.00037269	0.00076172	0.20147805	0.00000001	0.00000102
OtsSALM18C_1471	169	0.02212464	0.02489236	0.00020197	0.00490756	0.71399129	0.15963408	0.00210485	0.07214326
OtsSALM18C_1472	167	0.56570119	0.21196789	0.06445615	0.03335093	0.00537564	0.00536320	0.00072883	0.11305617
OtsSALM18C_1473	169	0.99756409	0.00055138	0.00007214	0.00036493	0.00034153	0.00110512	0.00000008	0.00000072
OtsSALM18C_1474	168	0.31154784	0.07071055	0.00023090	0.03704455	0.23088915	0.06582830	0.15353969	0.13020902
OtsSALM18C_1475	168	0.39496533	0.00238433	0.00002713	0.00368371	0.52403958	0.07489430	0.00000128	0.00000433
OtsSALM18C_1476	169	0.00901348	0.00012754	0.00001981	0.00534704	0.25911767	0.72637186	0.00000259	0.00000001
OtsSALM18C_1477	168	0.00041746	0.00000577	0.00000002	0.00327668	0.02328603	0.97301294	0.00000109	0.00000001
OtsSALM18C_1478	167	0.00003246	0.00009261	0.00000000	0.00011278	0.00252657	0.99715757	0.00007526	0.00000274
OtsSALM18C_1479	168	0.01236548	0.00098835	0.00000019	0.00002635	0.03047117	0.05046568	0.00191929	0.90376350
OtsSALM18C_1480	169	0.01645430	0.04271940	0.00000019	0.00064115	0.02804134	0.91203417	0.00009467	0.00001478
OtsSALM18C_1481	166	0.01539599	0.03629160	0.00000198	0.01186857	0.04954816	0.88654151	0.00021412	0.00013807
OtsSALM18C_1482	167	0.09555610	0.01787855	0.00000635	0.19633017	0.67983520	0.00273536	0.00751146	0.00014683
OtsSALM18C_1483	169	0.36182358	0.00152800	0.40208185	0.00920398	0.21694215	0.00021364	0.00718530	0.00102150
OtsSALM18C_1484	169	0.13046650	0.00252468	0.82838679	0.00524644	0.02078681	0.00896318	0.00007321	0.00355239
OtsSALM18C_1485	168	0.10938457	0.12600754	0.28356278	0.00193788	0.02494691	0.45372302	0.00004507	0.00039222
OtsSALM18C_1486	168	0.21471202	0.19594064	0.00009729	0.09774546	0.33175000	0.15812197	0.00163254	0.00000009
OtsSALM18C_1487	169	0.00158991	0.00049541	0.00000005	0.00058314	0.01979021	0.97753407	0.00000720	0.00000001
OtsSALM18C_1488	169	0.00031654	0.00095345	0.00000016	0.00156246	0.00034134	0.99625419	0.00000759	0.00056427
OtsSALM18C_1489	169	0.03739487	0.40332453	0.00000087	0.13340216	0.42550299	0.00002688	0.00029065	0.00005706
OtsSALM18C_1490	168	0.59449588	0.29103469	0.00007154	0.02896036	0.03731399	0.00486273	0.00000506	0.04325574
OtsSALM18C_1491	167	0.88707489	0.01772904	0.00012126	0.01099582	0.07965985	0.00231100	0.00014152	0.00196662
OtsSALM19C_0001	169	0.00534528	0.00000944	0.00000000	0.00104867	0.13001332	0.85879601	0.00473235	0.00005493
OtsSALM19C_0002	169	0.00621348	0.00708609	0.00000001	0.00586715	0.94411249	0.01916085	0.00203591	0.01552403
OtsSALM19C_0003	169	0.22679706	0.06277716	0.00031830	0.17900210	0.45182347	0.07904403	0.00019864	0.00003924
OtsSALM19C_0004	167	0.01990925	0.00222536	0.00006504	0.00047722	0.00360846	0.80822351	0.06793690	0.09755426
OtsSALM19C_0005	167	0.08588359	0.27095532	0.00000044	0.06489754	0.22788034	0.00654477	0.30228005	0.04155795
OtsSALM19C_0006	168	0.00003856	0.00000489	0.00000000	0.00018982	0.00000507	0.99976152	0.00000002	0.00000011
OtsSALM19C_0007	168	0.00727815	0.00884894	0.00000071	0.09689264	0.17944209	0.29596060	0.41143372	0.00014316
OtsSALM19C_0008	167	0.03614307	0.18823927	0.00001030	0.00295117	0.00191169	0.77054526	0.00000841	0.00019083
OtsSALM19C_0009	169	0.01625520	0.00280361	0.00000035	0.00234859	0.01677231	0.96135481	0.00046508	0.00000005
OtsSALM19C_0010	169	0.12733017	0.05237080	0.00007761	0.73896458	0.01897801	0.00268114	0.05942197	0.00017572
OtsSALM19C_0011	169	0.21931059	0.28800946	0.00000740	0.31210690	0.17111389	0.00025204	0.00000024	0.00919948
OtsSALM19C_0012	169	0.83714799	0.06593815	0.00139416	0.03450000	0.05799714	0.00265783	0.00035012	0.00001461
OtsSALM19C_0013	168	0.00449154	0.00333130	0.00000010	0.00268460	0.07176274	0.90780838	0.00992081	0.00000053
OtsSALM19C_0014	167	0.02537312	0.04594457	0.00002890	0.00253542	0.05674050	0.00289497	0.85035486	0.01612765
OtsSALM19C_0015	167	0.00594937	0.02212177	0.00000078	0.00045661	0.00428099	0.96133582	0.00583289	0.00002177
OtsSALM19C_0016	168	0.00125643	0.00056842	0.00000095	0.05610289	0.00305266	0.93901848	0.00000016	0.00000001
OtsSALM19C_0017	169	0.01997597	0.00010922	0.00000001	0.00011486	0.00189525	0.97787521	0.00002946	0.00000002
OtsSALM19C_0018	169	0.00000998	0.00001235	0.00000003	0.00002727	0.00006510	0.99988490	0.00000036	0.00000001
OtsSALM19C_0019	168	0.01226964	0.01534202	0.00018287	0.01918723	0.01276117	0.54021401	0.29117352	0.10886954
OtsSALM19C_0020	169	0.21547570	0.47381658	0.00113139	0.00306158	0.00808188	0.08728556	0.00070828	0.21043904
OtsSALM19C_0021	169	0.19220957	0.04258593	0.00062549	0.00618594	0.25891089	0.00303474	0.48800148	0.00844596
OtsSALM19C_0022	169	0.01289131	0.00227647	0.00000011	0.00066066	0.00117862	0.97728997	0.00569666	0.00000620
OtsSALM19C_0023	169	0.01204119	0.00010697	0.00000014	0.02783541	0.23149384	0.00135823	0.32175031	0.40541391
OtsSALM19C_0024	168	0.00000265	0.00009905	0.00000000	0.00000187	0.00366083	0.99620813	0.00002746	0.00000001
OtsSALM19C_0025	168	0.00115754	0.00029134	0.00000033	0.00006442	0.01682765	0.00000370	0.96440078	0.01725424
OtsSALM19C_0026	167	0.00415660	0.00088908	0.00000534	0.00413452	0.00563262	0.93972124	0.04504786	0.00041276
OtsSALM19C_0027	168	0.00053861	0.00029274	0.00000003	0.00011616	0.00004102	0.99891390	0.00009735	0.00000020
OtsSALM19C_0028	168	0.00143243	0.00087765	0.00000025	0.00003170	0.00096590	0.89945281	0.09694312	0.00029613
OtsSALM19C_0029	169	0.00091725	0.00642271	0.00000074	0.00071327	0.00046702	0.99147624	0.00000018	0.00000259
OtsSALM19C_0030	167	0.17951237	0.44315121	0.00000890	0.02252021	0.33986648	0.01420160	0.00018406	0.00055516
OtsSALM19C_0031	169	0.53044901	0.02562768	0.00022100	0.00034469	0.35467630	0.08524866	0.00342681	0.00000586
OtsSALM19C_0032	168	0.06542426	0.01024711	0.00000000	0.01381653	0.90188875	0.00401113	0.00461221	0.00000001
OtsSALM19C_0033	169	0.01023993	0.01727466	0.00000000	0.01778724	0.84168593	0.00445559	0.08413346	0.02442319
OtsSALM19C_0034	168	0.00025879	0.00014932	0.00000027	0.00047872	0.00030341	0.97738943	0.02105106	0.00036900
OtsSALM19C_0035	168	0.36478161	0.41018186	0.00130802	0.01349906	0.05206671	0.00671957	0.15121687	0.00022631
OtsSALM19C_0036	167	0.06219010	0.00290348	0.00001299	0.00857436	0.00166376	0.86134478	0.06277756	0.00053298
OtsSALM19C_0037	169	0.16433171	0.03331966	0.00000015	0.79998334	0.00197965	0.00037588	0.00000916	0.00000044
OtsSALM19C_0038	168	0.00816236	0.10288947	0.00000910	0.04961106	0.83035285	0.00380557	0.00267288	0.00249672
OtsSALM19C_0039	169	0.00002410	0.00039718	0.00000000	0.00040413	0.00033938	0.99813468	0.00066587	0.00003465
OtsSALM19C_0040	170	0.00650846	0.02650501	0.00002408	0.10971474	0.85498441	0.00226117	0.00000156	0.00000057
OtsSALM19C_0041	168	0.11670721	0.00247331	0.00000026	0.00237163	0.44997208	0.33781518	0.06884561	0.02181471
OtsSALM19C_0042	166	0.00001104	0.00002205	0.00000001	0.00000066	0.00005777	0.99986816	0.00004031	0.00000000
OtsSALM19C_0043	168	0.00051179	0.00100508	0.00000015	0.00398968	0.00019536	0.99429793	0.00000000	0.00000000
OtsSALM19C_0044	169	0.08966297	0.83472166	0.00272882	0.00559666	0.02201864	0.04526632	0.00000032	0.00000461
OtsSALM19C_0045	167	0.18132434	0.01905988	0.00000129	0.29720518	0.29974562	0.09410830	0.09755066	0.01100474
OtsSALM19C_0046	169	0.00712259	0.35950862	0.00002196	0.01660882	0.57796053	0.00090184	0.03738020	0.00049543
OtsSALM19C_0047	169	0.03964281	0.00016435	0.00000002	0.00002263	0.06581198	0.00000004	0.00000547	0.89435271
OtsSALM19C_0048	168	0.21055736	0.15846829	0.00092743	0.04455319	0.48788269	0.01478391	0.08141745	0.00140968
OtsSALM19C_0049	169	0.00016736	0.00062527	0.00000000	0.00006369	0.00001251	0.99913116	0.00000001	0.00000000
